"BehaviorSpace results (NetLogo 5.2.1)"
"cicadas-hybrid.nlogo"
"Experiment 2"
"12/27/2015 10:00:50:965 +0000"
"min-pxcor","max-pxcor","min-pycor","max-pycor"
"-20","20","-30","30"
"[run number]","1","2","3","4","5","6","7","8","9","10","11","12","13","14","15","16","17","18","19","20"
"higher-duration","18","18","18","18","18","18","18","18","18","18","18","18","18","18","18","18","18","18","18","18"
"ticks-a-year","60","60","60","60","60","60","60","60","60","60","60","60","60","60","60","60","60","60","60","60"
"max-cicadas-per-cycle","300","300","300","300","300","300","300","300","300","300","300","300","300","300","300","300","300","300","300","300"
"lower-duration","14","14","14","14","14","14","14","14","14","14","14","14","14","14","14","14","14","14","14","14"
"n-cicadas-per-group","75","75","75","75","75","75","75","75","75","75","75","75","75","75","75","75","75","75","75","75"
"cicadas-progeny","1","1","1","1","1","1","1","1","1","1","1","1","1","1","1","1","1","1","1","1"
"[steps]","25000","25000","25000","25000","25000","25000","25000","25000","25000","25000","25000","25000","25000","25000","25000","25000","25000","25000","25000","25000"

"[initial & final values]","list [lf-duration-ticks / ticks-a-year] of cicadas","list [lf-duration-ticks / ticks-a-year] of cicadas","list [lf-duration-ticks / ticks-a-year] of cicadas","list [lf-duration-ticks / ticks-a-year] of cicadas","list [lf-duration-ticks / ticks-a-year] of cicadas","list [lf-duration-ticks / ticks-a-year] of cicadas","list [lf-duration-ticks / ticks-a-year] of cicadas","list [lf-duration-ticks / ticks-a-year] of cicadas","list [lf-duration-ticks / ticks-a-year] of cicadas","list [lf-duration-ticks / ticks-a-year] of cicadas","list [lf-duration-ticks / ticks-a-year] of cicadas","list [lf-duration-ticks / ticks-a-year] of cicadas","list [lf-duration-ticks / ticks-a-year] of cicadas","list [lf-duration-ticks / ticks-a-year] of cicadas","list [lf-duration-ticks / ticks-a-year] of cicadas","list [lf-duration-ticks / ticks-a-year] of cicadas","list [lf-duration-ticks / ticks-a-year] of cicadas","list [lf-duration-ticks / ticks-a-year] of cicadas","list [lf-duration-ticks / ticks-a-year] of cicadas","list [lf-duration-ticks / ticks-a-year] of cicadas"
,"[[16 16 17 17 16 16 16 16 16 17 16 16 17 16 16 16 16 16 16 17 19 16 17 16 16 16 16 17 17 16 16 17 16 16 16 16 16 17 16 17 16 16 17 16 16 17 17 17 17 16 17 16 16 17 16 16 17 16 17 16 16 16 16 17 17 17 16 16 17 16 17 17 16 16 16 17 17 16 17 17 16 16 17 16 17 16 17 17 17 17 17 16 17 16 17 16 16 17 16 17 17 27 17 16 16 17 16 16 16 16 20 17 19 17 16 16 16 16 16 16 16 17 17 16 17 17 17 17 17 16 17 17 24 17 17 17 16 17 21 16 16 16 17 16 17 16 17 17 17 17 17 17 17 17 16 16 17 16 16 17 16 16 16 16 17 17 16 16 17 16 16 19 16 20 16 17 17 16 16 16 16 17 17 16 16 17 17 16 16 17 16 17 16 17 16 16 17 16 16 16 16 16 17 16 16 16 17 17 17 16 17 16 16 17 16 16 17 16 16 16 16 16 17 16 17 16 17 16 16 17 16 17 16 17 16 17 17 16 16 16 16 16 17 29 17 16 16 17 17 16 17 17 17 16 17 17 17 17 17 17 16 16 16 17 16 16 17 16 16 17 17 17 17 17 16 16 17 16 17 16 16 17 17 16 16 16 16 16 17 17 16 17 16 16 17 17 16 16 17 16 16 16 16 17 16 16 17 16 16 17 16 16 17 17 17 16 17 17 17 16 16 17 16 16 17 16 16 16 17 16 16 16 17 16 16 17 17 16 16 16 17 17 16 16 16 17 16 16 17 17 16 17 16 16 16 17 16 17 16 16 17 16 16 16 17 16 16 17 17 16 16 17 16 17 16 17 17 16 17 16 16 17 16 16 17 17 16 16 16 17 16 17 17 17 17 17 16 17 16 16 16 16 16 17 17 17 17 16 16 16 16 16 16 17 16 16 17 16 17 17 17 17 16 16 16 16 17 16 17 17 17 16 16 16]]","[[18 18 17 18 18 18 18 18 18 18 18 18 17 18 18 17 18 18 18 18 18 18 18 18 17 18 17 18 18 18 18 17 18 17 18 17 17 17 17 17 18 18 18 18 17 18 18 18 18 18 18 18 17 18 18 18 18 17 18 18 18 18 18 17 18 18 18 18 17 18 17 18 17 18 17 18 18 18 18 18 18 17 18 18 18 18 17 18 17 18 18 18 18 18 18 18 18 18 18 18 17 18 18 17 18 18 17 18 18 18 17 18 18 18 18 18 18 18 18 18 18 17 18 18 18 18 18 17 17 18 18 18 18 17 18 17 18 18 18 18 18 17 18 18 18 18 18 18 18 17 18 18 18 18 18 18 18 18 18 18 18 18 18 18 18 18 18 18 18 18 18 18 18 18 18 18 18 18 17 18 18 17 18 17 18 18 18 18 18 18 18 18 18 18 18 17 18 18 17 18 17 18 18 17 18 18 18 18 18 18 18]]","[[17 17 17 17 17 17 17 17 17 17 17 17 17 17 17 17 17 17 17 17 17 17 17 17 17 17 17 17 17 17 17 17 17 17 17 17 17 17 17 17 17 17 17 17 17 17 17 17 17 17 17 17 17 17 17 17 17 17 17 17 17 17 17 17 17 17 17 17 17 17 17 17 17 17 17 17 17 17 17 17 17 17 17 17 17 17 17 17 17 17 17 17 17 17 17 17 17 17 17 17 17 17 17 17 17 17 17 17 17 17 17 17 17 17 17 17 17 17 17 17 17 17 17 17 17 17 17 17 17 17 17 17 17 17 17 17 17 17 17 17 17 17 17 17 17 17 17 17 17 17 17 17 17 17 17 17 17 17 17 17 17 17 17 17 17 17 17 17 17 17 17 17 17 17 17 17 17 17 17 17 17 17 17 17 17 17 17 17 17 17]]","[[17 17 17 17 17 17 17 17 17 17 17 17 17 17 17 17 17 17 17 17 17 17 17 17 17 17 17 17 17 17 17 17 17 17 17 17 17 17 17 17 17 17 17 17 17 17 17 17 17 17 17 17 17 17 17 17 17 17 17 17 17 17 17 17 17 17 17 17 17 17 17 17 17 17 17 17 17 17 17 17 17 17 17 17 17 17 17 17 17 17 17 17 17 17 17 17 17 17 17 17 17 17 17 17 17 17 17 17 17 17 17 17 17 17 17 17 17 17 17 17 17 17 17 17 17 17 17 17 17 17 17 17 17 17 17 17 17 17 17 17 17 17 17 17 17 17 17 17 17 17 17 17 17 17 17 17 17 17 17 17 17 17 17 17 17 17 17 17 17 17 17 17 17 17 17 17 17 17 17 17 17 17 17 17 17 17 17 17 17]]","[[18 18 18 18 18 18 18 18 22 18 18 18 18 18 18 18 18 18 18 18 18 18 18 18 18 18 18 18 18 18 18 18 18 18 18 18 18 18 18 18 18 18 18 18 18 18 18 18 18 18 18 18 18 18 18 18 18 18 18 18 18 18 18 18 18 18 18 18 18 18 18 18 18 18 18 18 18 18 18 18 18 18 18 18 18 18 18 18 18 18 18 18 18 18 18 18 18 18 18 18 18 18 18 18 18 18 18 18 18 18 18 18 18 18 18 18 18 18 18 18 18 18 18 18 18 18 18 18 18 18 18 18 18 18 18 18 18 18 18 18 18 18 18 18 18 18 18 18 18 18 18 18 18 18 18 18 18 18 18 18 18 18 18 18 18 18 18 18 18 18 18 18 18 18 18 18 18 18 18 18 18 18 18 18 18 18 18 18 18 18 18 18 18 18 18 18 18 18 18 18 18 18 18 18 18 18 18 18 18 18 18 18 18 18 18 18 18 18 18 18 18 18 18 18 18 18 18 18 18 18 18 18 18 18 27 18 18 18 18 18 18 18 18 18 18 18 18 18 18 18 18 18 18]]","[[16 17 16 17 16 16 16 17 16 17 16 17 16 17 17 17 17 16 16 16 16 16 17 16 16 16 17 16 16 17 17 17 16 16 17 17 17 16 16 17 16 16 16 17 12 16 17 16 16 16 17 17 17 17 17 16 16 16 16 17 16 17 16 16 17 16 21 17 16 16 16 17 16 17 16 17 16 16 17 16 16 16 16 20 17 16 17 16 17 17 16 17 16 17 17 16 16 16 16 17 17 16 17 16 16 16 17 16 16 16 16 16 16 16 16 17 17 16 16 16 16 16 17 16 17 17 17 17 16 16 17 17 17 16 16 17 17 16 16 24 16 16 17 17 17 17 16 17 16 16 17 17 16 16 16 17 16 16 16 16 16 16 16 16 16 16 17 17 16 16 16 16 17 16 16 17 17 16 17 17 16 16 16 16 16 17 16 17 17 16 17 16 17 16 17 17 16 16 17 16 16 16 16 16 17 16 16 16 17 16 16 17 16 17 16 16 17 17 16 16 17 16 17 16 17 16 17 16 16 16 17 16 16 17 17 16 17 16 17 16 17 16 16 17 17 17 16 17 16 17 16 17 16 16 17 16 16 16 16 17 16 16 16 17 16 17 16 17 16 16 16 17 16 17 17 16 17 16 17 17 17 17 17 17 16 16 16 16 16 16 17 17 16 16 17 16 17 17 16 16 16 16 17 17 16 17 17 16 16 17 17 16 16 17 16 16 16 16 16 17 16 16 17 16 16 17 16 17 15 17 17 16 17 16 16 17 17 16 17 17 16 16 17 17 17 16 17 16 16 16 17 17 16 17 16 16 16 16 16 17 16 17 16 16 17 16 16 16 17 17 17 16 17 16 16 16 16 17 16 17 17 17 16 16 17 16 17 29 16 17 16 16 17]]","[[17 17 17 17 17 17 17 17 17 17 17 17 17 17 17 17 17 17 17 17 17 17 17 17 17 17 17 17 17 17 17 17 17 17 17 17 17 17 17 17 17 17 17 17 17 17 17 17 17 17 17 17 17 17 17 17 17 17 17 17 17 17 17 17 17 17 17 17 17 17 17 17 17 17 17 17 17 17 17 17 17 17 17 17 17 17 17 17 17 17 17 17 17 17 17 17 17 17 17 17 17 17 17 17 17 17 17 17 17 17 17 17 17 17 17 17 17 17 17 17 17 17 17 17 17 17 17 17 17 17 17 17 17 17 17 17 17 17 17 17 17 17 17 17 17 17 17 17 17 17 17 17 17 17 17 17 17 17 17 17 17 17 17 17 17 17 17 17 17 17 17 17 17 17 17 17 17 17 17 17 17 17 17 17 17 17 17 17 17 17 17 17 17 17 17 17 17 17 17 17 17 17 17 17 17 17 17 17 17 17 17 17 17 17 17 17 17 17 17 17 17 17 17 17 17 17]]","[[18 17 17 17 18 17 18 17 17 17 17 17 17 18 17 17 17 18 17 17 17 18 18 17 18 18 17 18 18 17 18 18 18 18 17 18 18 17 18 18 17 17 17 18 17 17 17 18 17 17 18 18 18 18 18 17 17 17 17 17 17 17 17 18 18 18 18 18 18 18 17 18 17 17 17 18 18 17 17 17 17 18 17 18 17 18 18 18 17 18 17 18 17 18 18 18 18 18 17 18 18 18 17 18 18 17 17 17 17 18 17 18 18 18 17 17 18 18 17 17 18 17 18 18 17 17 17 18 17 17 17 17 18 18 18 17 18 17 18 17 18 18 17 17 18 18 17 17 17 17 18 18 17 17 18 18 17 17 18 17 17 18 18 18 18 17 17 17 18 17 17 17 18 18 17 17 18 18 17 18 17 17 17 18 17 18 17 18 18 18 18 17 18 18 17 18 18 17 18 17 17 18 18 18 18 18 17 18 17 17 17 18 17 18 18 18 18 18 17 17 18 17 18 17 17 17 17 17 18 18 18 17 18 18 18 18 18 18 18 17 17 18 17 17 17 18 17 18 17 17 18 18 17 17 18 18 18 17 18 18 18 18 18 18 17 18 17 18 18 18 18 17 17 18 17 17 18 18 18 17 18 18 17 18 18 17 18 17 18 17 17 18 17 17 18 17 18 18 17 17 18 18 17 18 18 18 17 18 17 17 18 17 18 17 18 18 17 17 17 17 18 17 17 17 17 17 18 18 18 18 17 17 17 18 18 18 18 18 18 17 18 18 17 18 18 18 17 18 18 18 17 18 18 18 18 17 18 18 17 17 17 18 17 18 17 17 18 17 18 17 17 17 17 17 17 17 18 17 18 17 17]]","[[17 16 17 16 16 16 17 16 16 16 16 16 16 17 16 17 17 17 17 17 17 16 17 16 16 17 16 17 16 16 16 17 16 16 16 17 16 16 16 17 17 16 16 17 17 16 16 16 16 17 16 17 17 16 17 17 16 17 16 16 16 17 16 17 16 16 16 16 17 17 16 17 17 16 17 17 16 17 17 17 16 16 17 17 16 16 16 16 17 16 16 16 16 17 16 16 17 17 16 17 16 16 16 16 17 17 16 16 16 16 16 17 17 17 16 16 16 17 17 16 16 16 16 16 17 17 17 16 16 16 16 17 16 16 16 16 17 17 16 17 17 17 16 16 16 16 17 16 16 17 16 16 16 17 17 16 17 16 17 16 16 16 16 16 16 16 17 16 16 16 17 17 16 17 17 17 17 16 16 16 16 16 16 16 17 16 16 16 16 16 17 17 16 17 17 17 16 16 17 16 17 16 17 16 16 17 16 16 17 17 17 17 17 16 17 16 16 17 16 16 16 16 17 16 16 17 16 17 17 17 16 16 17 16 17 17 16 16 17 16 17 17 16 16 17 16 17 17 16 17 17 17 17 16 16 16 17 16 16 16 17 17 17 16 16 16 16 17 16 16 17 17 17 16 17 16 16 17 17 17 17 16 16 17 16 16 17 17 17 16 17 17 17 17 16 17 17 17 16 17 16 16 17 16 17 17 17 17 16 16 16 17 16 16 17 16 16 16 17 16 16 16 16 17 16 16 17 16 16 16 17 17 16 17 17 16 16 17 17 16 17 17 17 17 16 17 17 16 17 17 16 17 16 16 16 16 16 16 16 16 17 17 16 16 16 16 16 17 17]]","[[17 16 16 17 17 16 16 16 17 17 17 16 16 16 16 17 17 16 16 16 16 17 16 17 16 17 16 17 16 17 16 17 17 16 17 16 17 16 17 17 17 16 17 20 17 17 16 16 16 16 17 17 16 17 16 17 17 16 16 16 17 17 17 16 17 16 17 16 16 16 16 17 16 17 16 16 17 17 16 16 16 16 17 16 16 17 17 16 16 16 17 17 16 17 16 16 16 27 17 16 17 17 17 16 16 16 17 17 16 17 17 16 16 17 17 16 17 16 16 17 16 16 16 17 16 16 17 17 30 16 17 17 16 17 17 16 17 16 16 17 16 17 16 16 17 17 17 16 16 16 16 16 17 16 17 16 17 16 17 17 16 16 17 16 17 16 17 16 16 16 16 17 17 17 17 17 17 16 16 27 17 17 17 16 16 17 17 17 16 17 17 17 16 17 16 17 17 16 16 17 16 11 16 16 17 16 16 17 17 17 17 17 16 17 17 17 17 16 17 17 17 16 16 17 17 16 17 17 16 16 16 16 16 17 16 17 16 17 16 17 17 17 17 17 16 16 16 17 16 16 17 16 16 17 17 17 16 17 17 16 16 16 17 17 16 16 17 16 16 16 17 17 16 21 17 17 16 20 17 16 16 17 17 16 16 17 16 17 16 17 17 17 17 19 16 17 17 17 16 16 16 16 16 17 16 16 17 16 16 16 17 17 17 16 16 17 16 16 17 16 16 16 16 16 16 16 17 16 17 16 16 17 17 17 16 16 22 17 17 17 17 17 17 16 16 17 17 17 25 17 16 17 16 17 16 17 16 17 17 16 17 16 16 16 16 17 17 16 16 17 17 16 17 17 17 17 17]]","[[17 17 17 17 17 17 17 17 17 17 17 17 17 17 17 17 17 17 17 17 17 17 17 17 17 17 17 17 17 17 17 17 17 17 17 17 17 17 17 17 17 17 17 17 17 17 17 17 17 17 17 17 17 17 17 17 17 17 17 17 17 17 17 17 17 17 17 17 17 17 17 17 17 17 17 17 17 17 17 17 17 17 17 17 17 17 17 17 17 17 17 17 17 17 17 17 17 17 17 17 17 17 17 17 17 17 17 17 17 17 17 17 17 17 17 17 17 17 17 17 17 17 17 17 17 17 17 17 17 17 17 17 17 17 17 17 17 17 17 17 17 17 17 17 17 17 17]]","[[17 17 17 17 17 17 17 17 17 17 17 17 17 17 17 17 17 17 17 17 17 17 17 17 17 17 17 17 17 17 17 17 17 17 17 17 17 17 17 17 17 17 17 17 17 17 17 17 17 17 17 17 17 17 17 17 17 17 17 17 17 17 17 17 17 17 17 17 17 17 17 17 17 17 17 17 17 17 17 17 17 17 17 17 17 17 17 17 17 17 17 17 17 17 17 17 17 17 17 17 17 17 17 17 17 17 17 17 17 17 17 17 17 17 17 17 17 17 17 17 17 17 17 17 17 17 17 17 17 17 17 17 17 17 17 17 17 17 17 17 17 17 17 17 17 17 17 17 17 17 17 17 17 17 17 17 17 17 17 17 17 17 17 17 17 17 17 17 17 17 17 17 17 17 17 17]]","[[17 17 17 17 17 17 17 17 17 17 17 17 17 17 17 17 17 17 17 17 17 17 17 17 17 17 17 17 17 17 17 17 17 17 17 17 17 17 17 17 17 17 17 17 17 17 17 17 17 17 17 17 17 17 17 17 17 17 17 17 17 17 17 17 17 17 17 17 17 17 17 17 17 17 17 17 17 17 17 17 17 17 17 17 17 17 17 17 17 17 17 17 17 17 17 17 17 17 17 17 17 17 17 17 17 17 17 17 17 17 17 17 17 17 17 17 17 17 17 17 17 17 17 17 17 17 17 17 17 17 17 17 17 17 17 17 17 17 17 17 17 17 17 17 17 17 17 17 17 17 17 17 17 17 17 17 17 17 17 17 17 17 17 17 17 17 17 17 17 17 17 17 17 17 17 17 17 17 17 17 17 17 17 17 17 17 17 17 17 17]]","[[15 15 15 15 15 15 15 15 15 15 15 15 15 15 15 15 15 15 15 15 15 15 15 15 15 15 15 15 15 15 15 15 15 15 15 15 15 15 15 15 15 15 15 15 15 15 15 15 15 15 15 15 15 15 15 15 15 15 15 15 15 15 20 15 15 15 15 15 15 15 15 15 15 15 15 15 15 15 15 15 15 15 15 15 28 15 15 15 15 15 15 15 15 15 15 15 15 15 15 15 15 15 15 15 15 15 15 15 15 15 15 15 15 15 15 15 15 15 15 15 15 15 15 15 15 15 15 15 15 15 32 15 15 15 15 15 15 15 15 15 15 15 15 15 15 15 20 15 15 15 15 15 15 15 15 15 15 15 17 15 15 15 15 15 15 15 15 15 15 15 15 15 15 15 15 15 15 15 15 15 15 15 15 15 15 15 15 15 15 15 15 15 15 15 22 15 15 15 15 15 15 15 15 30 15 15 20 15 15 15 15 11 15 15 15 15 15 15 15 15 15 29 15 15 15 15 15 15 15 15 15 15 15 15 15 15 15 15 15 15 15 15 15 28 15 15 15 15 15 15 15 15 15 15 15 15 15 15 17 15 20 15 15 15 15 15 15 15 15 16 15 15 15 15 15 15 15 15 15]]","[[17 17 16 16 17 16 23 17 17 17 17 16 17 17 16 17 16 16 17 17 16 16 16 17 16 16 16 17 16 16 17 17 16 17 17 17 16 17 17 16 17 16 17 16 17 17 16 16 17 17 17 16 16 16 16 16 17 16 16 16 16 16 16 16 16 16 16 17 17 17 17 22 16 17 16 16 16 17 17 17 17 17 17 16 17 16 17 17 17 17 16 16 17 17 16 16 17 16 16 17 16 17 16 16 16 17 17 16 17 17 17 16 16 16 16 17 16 17 16 16 17 17 17 16 17 16 16 16 17 17 16 17 17 16 16 16 16 17 17 17 16 16 16 16 17 17 16 17 16 19 16 16 17 17 16 16 17 17 16 17 16 16 17 16 17 16 17 17 17 16 17 17 16 16 16 17 16 16 17 16 16 17 17 16 16 17 16 17 16 17 17 17 16 16 21 16 16 17 16 16 16 17 17 17 17 16 17 16 16 16 16 17 17 17 17 17 17 17 16 16 16 16 16 16 17 16 16 17 16 16 16 16 17 16 16 16 16 16 17 17 16 16 16 16 17 17 16 17 16 17 16 17 17 17 16 17 17 17 16 17 16 16 16 16 16 17 17 17 16 17 17 17 16 28 16 17 16 16 17 17 17 16 16 16 16 17 16 17 17 17 16 16 16 17 16 16 17 16 16 16 17 16 17 16 17 16 17 16 16 16 16 17 16 17 16 17 17 17 16 17 16 16 16 17 16 17 17 16 16 16 16 17 16 16 16 17 16 17 16 16 16 16 17 17 16 17 16 17 17 16 17 16 17 17 16 16 17 17 16 17 17 17 17 17 16 16 17 16 20 17 17 16 17 17 17 17 16 17 17 16 16 16 16 17 17 17 17 16 17 16 16 17 16 17 16 16 17 16 17 16 17 16 17 17 16 16 16 17 17 16 17 16 17 16 17 17 17 17 17 17 16 17 17 17 17 16 16 16 19 17 16 16 16 16 16 17 16 17 17 17 16 17 17 17 16 17 16 17 17 17]]","[[]]","[[17 17 17 15 17 17 17 17 17 17 17 15 15 17 15 17 15 17 17 15 17 15 15 17 15 17 17 17 17 17 17 17 17 17 17 15 15 15 17 15 17 15 15 15 17 17 17 17 15 17 17 17 15 17 15 17 17 17 15 17 15 17 17 17 17 17 15 17 17 17 17 17 17 17 17 17 17 17 17 17 17 15 15 15 17 17 17 17 15 15 17 17 17 15 17 15 17 17 17 15 17 17 17 17 17 15 15 17 15 17 17 15 15 17 15 17 17 17 17 17 15 17 17 17 15 17 15 17 17 17 17 15 15 15 17 15 15 15 15 15 17 17 17 17 17 17 15 17 17 17 17 17 17 15 17 15 17 15 15 15 17 17 17 15 15 15 17 17 17 17 17 17 17 17 17 15 15 17 15 15 17 15 17 15 17 17 15 17 17 15 17 15 17 15 15 17 15 17 17 15 15 15 17 15 15 15 15 17 17 17 17 17 15 15 17 17 17 15 15 17 17 15 17 17 15 15 17 15 17 17 17 17 17 17 17 17 17 17 17 17 17 17 17 17 15 17 17 17 17 15 15 17 17 17 17 15 17 17 17 15 17 17 15 15 17 15 17 15 15 17 17 17 17 17 17 17 17 17 15 17 17 15 17 15 17 15 17 17 17 17 17 17 17 15 15 17 17 15 17 15 15 17 17 17 17 15 17 17 17 15 17 17 17 15 17 15 17 17 15 17 15 15 15 15 15 15 15 15 15 17 17 17 15 17 17 15 17 15 15 17 17 15 15 17 17 15 17 15 15 17 17 15 17 17 17 17 15 17 15 17 17 17 17 17 15 17 17 17 15 15 17 15 17 17 17 15 15 15 17 17 17 17 17 17 17 17 17 17 17 17 17 15 17 17 17 15 15 15 15 15 15 15 17 15 15 17 17 15 17 17 15 15 17 17 17 15 17 15 17 15 17 17 15 15 17 17 17 15 15 17 17 15 17]]","[[15 15 15 15 15 15 15 15 15 15 15 15 15 15 15 15 15 15 15 15 15 15 15 15 15 15 15 15 15 15 15 15 15 15 15 15 15 15 15 15 15 15 15 15 15 15 15 15 15 15 15 15 15 15 15 15 15 15 15 15 15 15 15 15 15 15 15 15 15 15 15 15 15 15 15 15 15 15 15 15 15 15 15 15 15 15 15 15 15 15 15 15 15 15 15 15 15 15 15 15 15 15 15 15 15 15 15 15 15 15 15 15 15 15 15 15 15 15 15 15 15 15 15 15 15 15 15 15 15 15 15 15 15 15 15 15 15 15 15 15 15 15 15 15]]","[[18 18 18 18 18 18 18 18 18 18 18 18 18 18 18 18 18 18 18 18 18 18 18 18 18 18 18 18 18 18 18 18 18 18 18 18 18 18 21 18 18 18 18 18 18 18 18 18 18 18 18 18 18 18 18 18 18 18 18 18 18 18 18 18 18 18 18 27 18 18 18 18 18 18 18 18 18 18 18 23 18 18 15 18 18 18 18 18 18 18 18 18 18 18 18 18 18 18 18 23 18 18 18 18 18 18 18 18 18 18 18 18 18 18 18 18 18 18 18 18 18 18 18 18 18 18 18 18 18 18 20 18 18 18 18 18 18 18 18 18 18 18 18 18 18 18 18 18 18 18 18 18 18 18 18 18 18 18 18 18 18 18]]","[[15 14 21 17 19 14 17 14 15 15 15 14 14 15 14 15 17 14 15 15 35 14 15 15 17 14 17 17 14 17 13 15 17 17 14 15 14 15 17 15 13 14 15 15 15 15 15 15 15 17 12 19 20 15 17 15 15 14 17 19 15 15 14 15 15 17 9 14 12 15 17 14 17 23 17 15 15 15 14 15 17 17 15 15 15 17 17 12 11 15 17 14 17 13 17 14 15 14 17 15 20 15 15 22 17 17 15 14 14 15 15 15 15 12 12 17 15 15 14 14 17 12 15 15 14 15 11 27 17 14 28 15 15 17 14 20 15 15 14 15 28 12 14 15 20 23 15 22 15 19 15 14 17 15 15 15 15 14 15 15 21 17 17 14 17 17 17 17 15 17 12 19 14 15 17 17 14 15 15 14 22 20 15 12 19 17 14 15 15 13 14 21 15 10 14 14 17 17 33 15 14 22 15 14 15 15 14 17 16 13 20 14 20 14 8 14 21 15 24 17 14 15 17 17 15 14 17 17 15 14 23 15 14 15 23 17 12 17 14 15 15 15 15 15 14 18 17 15 17 20 19 17 15 26 14 17 17 10 19 14 15 17 14 18 17 21 15 17 15 27 15 15 19 15 14 14 15 14 15 17 17 14 15 19 17 15 13 14 17 15 18 15 14 14 17 14 14 15 15 17 15 17 15 17 15 12 25 14 15 28 15 15 15 14 17 17 14 14 15 15 14 17 17 23 17 15 15 22 17 19 17 11 15 14 17 17 17 17 19 17 15 14 17 14 15 14 14 15 15 14 17 14 14 15 15 14 15 19 14 17 17 14 14 15 17 14 15 19 17 14 15 15 15 15 15 22 17 14 14 15 15 19 22 30 15 28 15 15 15 14 17 19 11 19 29 17 15 15 15 14 19 14 17 25 10 15 17 15 19 13 15 17 13 23 17 15 17 19 17 15 26 18 17 14 15 22 14 15 22 15 14 15 14 17 17 17 15 15 17 14 14 10 15 14 17 17 15 14 14 15 15 17 15 19 30 17 19 14 15 17 14 15 17 15 15 15 14 15 15 15 17 14 17 15 15 16 17 15 15 18 15 14 14 15 19 22 15 17 14 19 14 19 15 17 19 17 24 12 14 16 17 16 17 14 17 15 15 15 15 15 21 15 17 19 15 19 14 17 18 17 15 25 14 15 19 23 19 19 15 17 17 14 15 15 15 14 15 25 14 17 15 19 19 14 14 17 17 14 14 15 17 19 15 14 17 14 17 15 15 19 17 14 15 15 14 17 17 15 15 15 19 15 17 17 14 33 15 15 25 23 14 15 15 14 17 15 14 15 14 19 15 14 14 14 15 14 14 17 15 17 15 15 14 14 16 17 15 17 17 15 14 17 23 19 15 14 17 17 14 11 14 15 34 24 15 17 17 15 17 17 14 16 17 15 17 15 15 15 28 11 15 17 17 17 15 15 14 14 19 14 14 17 15 14 17 14 36 15 24 14 17 17 14 17 17 15 15 15 14 24 14 15 17 14 25 15 14 14 24 15 15 15 17 17 15 14 17 17 15 15 10 17 17 20 15 15 15 18 15 14 14 14 15 32 17 17 14 17 14 14 15 19 15 15 14 16 14 15 14 17 17 14 17 17 17 15 15 15 12 17 17 19 17 17 14 17 17 19 15 17 17 15 14 17 17 15 15 14 20 17 14 15 14 14 14 15 17 14 17 14 17 17 14 19 17 19 17 19 17]]"
