"BehaviorSpace results (NetLogo 5.2.1)"
"cicadas-hybrid.nlogo"
"Experiment 2"
"12/27/2015 09:44:11:063 +0000"
"min-pxcor","max-pxcor","min-pycor","max-pycor"
"-20","20","-30","30"
"[run number]","1","2","3","4","5","6","7","8","9","10","11","12","13","14","15","16","17","18","19","20"
"higher-duration","18","18","18","18","18","18","18","18","18","18","18","18","18","18","18","18","18","18","18","18"
"ticks-a-year","60","60","60","60","60","60","60","60","60","60","60","60","60","60","60","60","60","60","60","60"
"max-cicadas-per-cycle","300","300","300","300","300","300","300","300","300","300","300","300","300","300","300","300","300","300","300","300"
"lower-duration","14","14","14","14","14","14","14","14","14","14","14","14","14","14","14","14","14","14","14","14"
"n-cicadas-per-group","75","75","75","75","75","75","75","75","75","75","75","75","75","75","75","75","75","75","75","75"
"cicadas-progeny","1","1","1","1","1","1","1","1","1","1","1","1","1","1","1","1","1","1","1","1"
"[steps]","25000","25000","25000","25000","25000","25000","25000","25000","25000","25000","25000","25000","25000","25000","25000","25000","25000","25000","25000","25000"

"[initial & final values]","list [lf-duration-ticks / ticks-a-year] of cicadas","list [lf-duration-ticks / ticks-a-year] of cicadas","list [lf-duration-ticks / ticks-a-year] of cicadas","list [lf-duration-ticks / ticks-a-year] of cicadas","list [lf-duration-ticks / ticks-a-year] of cicadas","list [lf-duration-ticks / ticks-a-year] of cicadas","list [lf-duration-ticks / ticks-a-year] of cicadas","list [lf-duration-ticks / ticks-a-year] of cicadas","list [lf-duration-ticks / ticks-a-year] of cicadas","list [lf-duration-ticks / ticks-a-year] of cicadas","list [lf-duration-ticks / ticks-a-year] of cicadas","list [lf-duration-ticks / ticks-a-year] of cicadas","list [lf-duration-ticks / ticks-a-year] of cicadas","list [lf-duration-ticks / ticks-a-year] of cicadas","list [lf-duration-ticks / ticks-a-year] of cicadas","list [lf-duration-ticks / ticks-a-year] of cicadas","list [lf-duration-ticks / ticks-a-year] of cicadas","list [lf-duration-ticks / ticks-a-year] of cicadas","list [lf-duration-ticks / ticks-a-year] of cicadas","list [lf-duration-ticks / ticks-a-year] of cicadas"
,"[[17 27 19 19 19 22 17 20 17 18 19 19 19 17 19 19 19 18 22 25 19 15 22 22 24 22 22 19 22 19 17 19 25 24 21 21 22 19 24 23 25 20 25 24 14 24 25 17 19 19 17 19 19 26 17 25 22 19 19 17 19 19 17 17 24 17 28 20 19 18 22 22 21 25 25 19 22 23 22 28 22]]","[[]]","[[16 16 16 16 16 16 16 16 16 16 16 16 16 16 16 16 16 16 16 16 16 16 16 16 16 16 16 16 16 16 16 16 16 16 16 16 16 16 16 16 16 16 16 16 16 16 16 16 16 16 16 16 16 16 16 16 16 16 16 16 16 16 16 16 16 16 16 16 16 16 16 16 16 16 16 16 16 16 16 16 16 16 16 16 16 16 16 16 16 16 16 16 16 16 16 16 16 16 16 16 16 16 16 16 16 16 16 16 16 16 16 16 16 16 16 16 16 16 16 16 16 16 16 16 16 16 16 16 16 16 16 16 16 16 16 16 16 16 16 16 16 16 16 16 16 16 16 16 16 16 16 16 16 16 16 16 16 16 16 16 16 16 16 16 16 16 16 16 16 16 16 16 16 16 16 16 16 16 16 16 16 16 16 16 16 16 16 16 16 16 16 16 16 16 16 16 16 16 16 16 16 16 16 16 16 16 16 16 16 16 16 16 16 16 16 16 16 16 16 16 16 16 16 16]]","[[17 17 17 17 17 17 17 17 17 17 17 17 17 17 17 17 17 17 17 17 17 17 17 17 17 17 17 17 17 17 17 17 17 17 17 17 17 17 17 17 17 17 17 17 17 17 17 17 17 17 17 17 17 17 17 17 17 17 17 17 17 17 17 17 17 17 17 17 17 17 17 17 17 17 17 17 17 17 17 17 17 17 17 17 17 17 17 17 17 17 17 17 17 17 17 17 17 17 17 17 17 17 17 17 17 17 17 17 17 17 17 17 17 17 17 17 17 17 17 17 17 17 17 17 17 17 17 17 17 17 17 17 17 17 17 17 17 17 17 17 17 17 17 17 17 17 17 17 17 17 17 17 17 17 17 17 17 17 17 17 17 17 17 17 17 17 17 17 17 17 17 17 17 17 17 17 17 17 17 17 17 17 17 17 17 17 17 17 17 17 17 17 17 17 17 17 17 17 17 17 17 17 17 17 17 17 17 17 17 17 17 17 17 17 17 17 17 17 17 17 17 17 17 17 17 17 17 17 17 17 17 17 17 17 17 17 17 17 17 17 17 17 17 17 17 17 17 17 17 17 17 17 17 17 17 17 17 17 17 17 17 17 17 17 17 17 17 17 17 17 17 17 17 17 17 17 17 17 17 17 17 17 17 17]]","[[17 17 17 16 16 16 16 17 16 17 16 16 17 17 16 16 16 17 16 16 16 17 17 16 16 17 16 16 16 16 16 16 16 16 17 16 16 16 16 17 16 16 17 16 17 17 17 16 17 16 17 17 17 17 17 17 16 16 16 16 16 16 16 17 16 16 16 17 16 16 17 17 17 17 16 17 16 16 17 16 16 16 17 17 16 17 16 17 17 16 17 16 17 16 17 17 17 16 17 17 16 17 16 16 16 17 17 17 16 17 16 16 17 16 17 16 16 16 16 17 17 16 17 17 16 17 16 16 17 16 16 16 17 17 17 17 17 17 16 17 17 17 16 17 17 16 17 17 16 17 17 17 17 16 16 16 16 17 16 17 17 16 16 17 17 16 17 16 17 17 17 17 16 17 17 16 16 16 17 17 16 17 17 16 16 17 17 16 16 16 16 16 16 17 16 17 16 17 16 17 17 17 16 16 17 16 17 17 16 16 17 16 16 16 17 17 17 17 17 17 17 16 16 16 17 16 17 17 17 16 17 16 16 17 16 17 17 17 17 16 17 16 16 16 17 17 16 16 16 17 17 16 16 16 16 16 16 16 17 17 17 16 17 16 17 16 17 17 16 16 17 16 17 16 16 16 17 17 16 17 16 17 17 17 17 17 17 17 17 16 17 16 17 17 16 16 17 17 16 17 16 16 16 16 16 17 16 17 17 16 17 17 17 16 17 17 16 17 17 16 17 16 17 16 16 17 16 16 17 17 16 16 17 16 16 17 17 16 17 16 17 16 17 16 16 16 16 17 17 17 17 16 16 17 17 16 17 16 16 16 16 16 16 17 17 16 17 17 17 16 17 16 17 17 17 17 16 17 16 16 17 17 17 16 17 16 17 16 16 16 16 17 17 17 16 16 16 17 17 16 16 16 16 17 17 16 17 16 16 16 17 16 16 17 16 17 17 17 16 17 17 17 17 16 17 17 17 16 16 17 17 17 16 17 17 16 17 16 17 16 16 17 16 16 17 16 17 16 17 17 16 17 16 17 17 16 16 17 17 17 16 17 17 16 17 17 17 17 16 16 17 17 16 16 16 17 17 16 17 16 17 16 17 16 16 16 17 16 17 17 17 17 17 17 16 16 17 16 16 16 16 16 17 16 16 16 16 17 17 16 16 17 16 17 16 16 16 16 17 16 16 16 16 17 17 16 16 17 16 17 17 16 17 16 17 17 16 16 16 17 17 17 16 17 17 16 17 16 17 16 16 16 16 17 16 16 16 17 16 17 16]]","[[17 17 17 17 17 17 17 17 17 17 17 17 17 17 17 17 25 17 17 17 17 17 17 17 17 17 17 17 17 17 17 17 17 17 17 17 17 17 17 17 17 17 17 17 17 17 17 17 17 17 17 17 17 17 17 17 17 15 17 17 17 17 17 17 17 17 17 17 17 17 17 17 17 17 17 17 17 17 17 17 17 17 17 17 17 17 17 17 17 17 17 17 17 17 17 17 17 17 17 17 17 17 17 17 17 17 17 17 17 17 17 17 17 17 17 17 17 17 17 17 17 17 17 17 17 17 17 17 17 17 17 17 17 17 17 17 17 17 17 17 17 17 17 17 17 17 17 17 17 17 17 17 17 17 17 17 17 17 17 17 17 17 17 17 17 17 17 17 17 17 17 17 17 17 17 17 17 17 17 17 17 17 17 18 17 17 17 17 17 17 18 17 17 17 17 17 17 17 17 17 17 17 17 17 17 17 17 17 17 17 17 17 17 17 17 17 17 17 17 17 17]]","[[17 17 17 17 17 17 17 17 17 17 17 17 17 17 17 17 17 17 17 17 17 17 17 17 17 17 17 17 17 17 17 17 17 17 17 17 17 17 17 17 17 17 17 17 17 17 17 17 17 17 17 17 17 17 17 17 17 17 17 17 17 17 17 17 17 17 17 17 17 17 17 17 17 17 17 17 17 17 17 17 17 17 17 17 17 17 17 26 17 17 17 17 17 17 17 17 17 17 17 17 17 17 17 17 17 17 17 17 17 17 17 17 17 17 17 17 17 17 17 17 17 17 17 17 17 17 17 17 17 17 17 17 17 17 17 17 17 17 17 17 17 17 17 17 17 17 17 17 17 17 17 17 17 17 17 17 17 17 17 21 17 17 17 17 17 17 17 17 17 17 17 17 17 17 17 17 17 17 17 17 17 17 17 17 17 17 17 17 17 17 17 17 17 17 20 17 17 17 17 17 17 17 17 17 17 17 17 17 17 17 17 17 17 17 17 17 17 17 17 17 17 17 17 17 17 17 17 17 17 17 17 17 17 17 17 17 17 17 17 17 17 17 17 17 17 17 17 17 17 17 17 17 17 17 17 17 17]]","[[17 17 17 17 17 17 17 17 17 17 17 17 17 17 17 17 17 17 17 17 17 17 17 17 17 17 17 17 17 17 17 17 17 17 17 17 17 17 17 17 17 17 17 17 17 17 17 17 17 17 17 17 17 17 17 17 17 17 17 17 17 17 17 17 17 17 17 17 17 17 17 17 17 17 17 17 17 17 17 17 17 17 17 17 17 17 17 17 17 17 17 17 17 17 17 17 17 17 17 17 17 17 17 17 17 17 17 17 17 17 17 17 17 17 17 17 17 17 17 17 17 17 17 17 17 17 17 17 17 17 17 17 17 17 17 17 17 17 17 17 17 17 17 17 17 17 17 17 17 17 17 17 17 17 17 17 17 17 17 17 17 17 17 17 17 17 17 17 17 17 17 17 17 17 17 17 17 17 17 17 17 17 17 17 17 17 17 17 17 17 17 17 17 17 17 17 17 17 17 17 17 17 17 17 17 17 17 17 17 17 17 17 17 17 17 17 17 17 17 17 17 17]]","[[17 17 17 17 17 17 17 17 17 17 17 17 17 17 17 17 17 17 17 17 17 17 17 17 17 17 17 17 17 17 17 17 17 17 17 17 17 17 17 17 17 17 17 17 17 17 17 17 17 17 17 17 17 17 17 17 17 17 17 17 17 17 17 17 17 17 17 17 17 17 17 17 17 17 17 17 17 17 17 17 17 17 17 17 17 17 17 17 17 17 17 17 17 17 17 17 17 17 17 17 17 17 17 17 17 17 17 17 17 17 17 17 17 17 17 17 17 17 17 17 17 17 17 17 17 17 17 17 17 17 17 17 17 17 17 17 17 17 17 17 17 17 17 17 17 17 17 17]]","[[16 16 16 16 16 16 16 16 16 16 16 16 16 16 16 16 16 16 16 16 16 16 16 16 16 16 16 16 16 16 16 16 16 16 16 16 16 16 16 16 16 16 16 16 16 16 16 16 16 16 16 16 16 16 16 16 16 16 16 16 16 16 16 16 16 16 16 16 16 16 16 16 16 16 16 16 16 16 16 16 16 16 16 16 16 16 16 16 16 16 16 16 16 16 16 16 16 16 16 16 16 16 16 16 16 16 16 16 16 16 16 16 16 16 16 16 16 16 16 16 16 16 16 16 16 16 16 16 16 16 16 16 16 16 16 16 16 16 16 16 16 16 16 16 16 16 16 16 16 16 16 16 16 16 16 16 16 16 16 16 16 16 16 16 16 16 16 16 16 16 16 16 16 16 16 16 16 16 16 16 16 16 16 16 16 16 16 16 16 16 16 16 16 16 16 16 16 16 16 16 16 16 16 16 16 16 16 16 16 16 16 16 16 16 16 16 16 16 16 16 16 16 16 16 16 16 16 16 16 16]]","[[17 16 16 16 17 16 17 21 16 16 16 17 14 16 17 16 16 16 17 17 16 11 17 17 17 17 17 17 16 16 17 16 16 25 16 21 17 15 17 16 16 17 27 16 16 17 22 16 17 17 16 16 17 16 16 17 17 22 27 16 16 16 16 17 17 17 16 16 17 17 16 17 17 16 17 15 16 16 17 23 17 16 17 17 30 16 14 16 17 17 16 16 16 17 16 17 17 16 16 16 15 17 17 16 16 19 15 17 16 17 16 16 16 16 21 21 16 19 16 17 16 17 16 17 15 12 16 16 22 17 17 16 17 17 16 17 17 17 17 14 16 31 17 16 15 15 17 16 16 25 17 15 17 16 16 17 16 16 15 15 16 16 17 16 16 20 16 17 16 16 16 26 16 19 28 30 16 17 16 16 17 17 16 16 19 17 16 19 16 17 17 17 15 16 17 16 17 17 16 16 17 16 16 8 16 21 16 17 16 17 16 16 15 16 16 16 21 16 15 16 16 19 16 16 16 16 28 17 17 16 17 16 17 17 17 16 16 16 16 17 17 16 16 16 16 17 16 16 17 25 16 16 17 17 17 16 17 16 16 16 16 16 17 16 17 17 16 17 12 16 17 17 17 16 21 16 20 16 29 16 17 16 17 16 20 20 19 17 17 16 16 16 16 17 13 16 16 17 16 16 17 23 16 16 16 17 16 16 16 15 16 19 17 17 16 17 16 21 16 16 17 16 11 17 16 21 15 17 15 16 19 22 16 17 17 17 16 25 28 16 16 17 16 16 16 16 17 15 17 15 17 16 16 23 25 17 16 17 16 16 15 16 16 21 16 17 16 16 12 16 17 22 16 21 16 16 21 17 16 17 17 16 17 21 28 17 17 17 16 16 22 16 16 16 17 16 17 16 16 17 16 16 17 15 18 16 12 16 17 16 17 16 16 17 17 16 17 17 16 17 17 20 16 17 16 20 15 21 16 16 16 16 16 14 17 17 15 17 16 16 12 16 17 16 17 16 17 16 16 16 16 16 16 29 17 17 16 16 17 25 27 16 16 16 17 16 16 16 16 20 17 21 17 30 16 16 17 17 17 17 16 21 16 17 21 16 17 16 19 16 17 16 28 17 17 16 16 16 16 17 16 21 22 17 17 17 20 16 16 28 16 17 17 17 16 17 17 20 21 17 17 17 16 16 20 16 16 16]]","[[15 17 15 15 17 15 15 17 15 17 17 15 17 17 17 15 15 15 17 15 15 15 17 15 15 17 17 15 15 29 17 15 15 15 17 17 17 17 17 15 15 17 17 17 15 17 15 15 15 17 15 17 15 17 15 15 17 15 15 17 15 17 15 15 17 15 17 15 15 15 15 17 15 15 17 17 15 15 15 15 15 15 15 17 15 15 15 15 17 15 15 15 15 15 15 15 17 15 15 15 15 15 17 15 17 15 17 15 17 15 15 17 17 15 15 19 17 15 15 15 17 15 17 15 15 17 15 15 17 15 15 17 15 15 15 17 17 15 15 17 17 15 15 15 15 17 17 15 17 15 15 15 15 15 17 17 17 15 17 17 15 15 15 17 15 17 17 15 17 15 15 15 15 15 17 15 15 15 15 15 15 17 15 17 17 17 17 17 17 15 15 17 17 15 15 15 17 15 17 17 15 15 15 15 17 15 17 17 15 17 17 17 15 15 17 15 17 15 15 17 15 15 15 17 15 17 15 15 17 17 15 15 15 15 15 17 17 15 15 17 17 15 17 17 15 15 15 17 15 15 17 15 15 15 15 15 17 15 15 15 15 15 15 15 17 15 17 17 17 15 15 17 15 17 17 17 15 17 17 15 15 17 15 17 17 17 15 17 15 15 17 15 15 15 17 15 15 21 17 15 17 15 17 15 17 15 15 17 15 15 17 15 15 17 17 15 15 17 15 15 15 15 15 15 15 15 15 17 15 15 17 17 15 15 17 17 15 17 15 15 15 17 15 15 15 17 15 17 17 15 15 17 17 17 15 15 17 17 17 15 15 15 15 15 17 15 17 17 17 15 17 15 15 15 15 17 17 15 15 17 17 17 15 15 15 15 17 15 17 15 15 15 15 15 17 17 17 17 17 15 15 17 17 17 17 15 15 17 17 17 15 17 17 17 15 17 15 17 15 15 17 17 17 15 17 17 15 15 15 15 15 15 17 17 15 15 15 15 17 17 15 15 15 15 15 17 15 15 15 17 15 17 15 17 15 15 15 17 17 17 17 17 17 15 17 17 15 15 17 15 15 15 15 15 17 15 17 15 17 17 15 17 15 15 15 17]]","[[17 17 17 17 17 18 18 17 18 17 17 17 17 17 17 17 17 18 17 17 17 17 17 18 17 18 17 17 18 18 18 18 18 18 17 17 17 17 18 17 17 17 17 17 17 17 17 18 18 18 18 18 17 17 18 17 17 18 17 17 17 18 17 17 18 18 17 17 17 17 18 18 17 17 17 17 18 17 18 17 17 17 17 17 17 17 18 18 17 18 17 18 18 17 17 17 18 18 17 18 17 18 18 17 17 17 18 18 17 18 17 17 17 17 18 17 17 17 17 17 18 18 17 17 18 17 18 17 18 17 17 18 18 18 17 17 17 18 18 17 17 17 17 17 18 17 18 17 17 17 17 18 17 18 18 18 17 17 17 17 18 17 18 17 17 17 18 17 18 17 18 17 17 18 17 17 18 18 18 17 17 17 17 18 18 18 17 17 17 18 17 18 18 17 17 17 18 17 17 17 18 17 18 18 18 17 17 17 17 17 17 17 17 17 17 18 17 17 18 17 18 18 18 17 17 18 27 17 17 17 18 18 17 18 18 17 17 18 17 18 17 17 18 18 17 18 18 18 17 17 18 18 18 18 18 17 17 17 17 17 17 17 18 17 17 18 17 17 17 17 17 18 18 17 17 17 18 17 18 17 18 17 17 18 17 18 17 17 14 17 18 18 18 17 17 18 18 17 17 18 18 17 18 18 18 17 18 17 17 18 18 17 17 17 17 17 17 17 18 17 17 18 17 18 18 17 18 17 17 17 17 17 18 18 18 17 17 18 17 18 18 17 18 17 17 18 18 17 17 18 17 17 18 18 18 17 17 17 18 18 17 17 18 18 17 17 17 18 17 17 18 17 18 17 18 17 18 17 17 17 17 17 18 17]]","[[17 17 17 17 16 17 17 17 16 17 17 17 18 16 16 17 17 22 16 16 17 16 17 16 16 16 16 16 17 16 16 17 16 17 16 29 16 17 16 16 16 16 18 21 20 16 18 17 16 16 16 16 17 16 16 17 17 16 17 16 17 16 16 16 16 17 16 16 16 17 16 17 16 16 16 17 17 17 17 17 16 16 16 29 17 16 17 16 18 17 16 16 16 17 16 16 17 17 16 17 13 16 17 16 25 16 28 16 17 17 16 17 18 15 17 17 16 18 17 16 17 17 17 16 17 16 16 17 16 18 16 17 16 16 17 16 16 17 16 17 17 16 17 17 17 17 17 17 17 16 17 16 16 16 17 16 17 17 16 17 23 17 16 17 16 17 17 17 17 29 19 16 16 17 16 16 16 16 16 16 16 22 16 16 16 16 17 16 16 17 17 16 16 17 17 16 17 17 17 16 27 17 17 22 17 17 16 23 17 17 17 16 17 17 17 13 17 16 16 16 17 17 17 16 17 17 17 17 16 16 17 17 16 16 16 16 16 16 16 17 16 16 17 17 17 16 17 16 16 17 17 16 17 16 16 16 17 16 17 17 17 17 16 17 16 16 17 17 17 16 16 16 17 16 17 16 16 16 17 16 16 22 16 17 17 17 17 17 17 17 17 17 17 18 16 17 17 28 21 16 17 16 16 22 17 17 16 16 17 17 16 16 17 17 16 17 16 17 16 17 17 16 16 17 16 16 16 16 16 15 17 16 17 17 16 22 17 16 18 25 16 16 16 16 17 16 17 16 16 16 18 18 16 16 16 16 16 16 21 17 16 16 16 17 16 16 18 16 16 17 22 21 16 16 22 15 16 17 17 16 16 17 26 16 17 19 17 16 17 16 17 17 17 16 15 16 16 16 17 16 17 17 16 16 17 16 16 16 16 17 17 16 17 17 17 21 16 28 16 16 17 16 16 16 17 24 17 17 16 16 18 18 16 16 18 17 16 16 23 16 20 16 17 17 17 17 16 18 16 16 17 17 16 17 16 16 24 16 17 16 16 16 16 17 16 17 16 17 17 16 16 17 16 17 17 16 17]]","[[17 17 20 16 16 17 16 17 17 16 16 17 16 16 16 16 17 17 17 16 14 17 16 18 16 17 15 18 17 16 17 16 17 16 17 16 16 16 16 17 27 16 21 16 16 26 12 17 16 17 17 17 16 17 16 22 17 17 17 16 16 16 17 17 17 17 16 16 17 17 16 17 16 17 20 16 17 16 17 16 17 17 28 17 17 26 16 16 17 17 16 17 18 17 16 16 16 17 16 16 17 16 17 16 16 17 16 17 16 16 16 17 17 16 17 17 17 16 16 8 16 17 17 16 16 17 17 16 17 17 16 16 17 17 17 17 16 17 17 17 17 16 16 17 17 17 16 16 16 17 16 17 13 17 17 17 16 17 17 16 17 16 17 17 16 17 16 16 24 16 17 17 16 20 16 16 16 17 17 16 16 16 17 16 16 20 17 14 17 30 17 17 18 16 16 17 17 17 17 17 17 16 16 16 14 16 16 17 16 17 16 16 17 17 17 21 16 31 16 24 17 17 16 17 17 16 17 17 16 16 16 16 16 17 16 16 16 16 16 16 16 17 16 17 10 17 17 17 17 22 17 17 16 16 17 16 16 16 17 17 17 17 16 16 17 17 17 17 16 16 17 17 16 16 17 16 16 16 15 16 16 22 16 17 17 17 16 17 16 17 17 17 16 11 16 17 16 17 16 17 16 17 17 17 16 16 17 17 17 16 16 13 16 17 16 16 17 17 16 17 17 17 17 16 20 16 17 17 17 16 16 16 17 17 16 15 17 25 16 17 16 17 16 20 17 16 16 23 17 17 16 16 16 17 16 16 16 17 17 17 17 16 24 16 16 29 16 17 17 16 16 27 17 16 17 16 16 16 17 16 17 16 17 17 16 16 16 17 16 17 16 17 16 16 17 16 17 17 17 16 16 17 20 16 17 16 17 16 17 16 17 12 16 17 16 17 16 17 17 9 20 17 16 16 18 16 16 16 17 16 20 17 16 22 16 16 12 23 17 17 16 16 11 17 27 16 17 17 17 16 9 17 16 17 17 16 17 14 17 17 12 16 16 17 17 17 22 20]]","[[17 17 17 17 17 17 17 17 17 17 17 17 17 17 17 17 17 17 17 17 17 17 17 21 17 17 17 17 17 17 17 17 17 17 17 17 17 17 17 17 17 17 17 17 17 17 17 17 17 17 17 17 17 17 17 17 17 17 17 17 17 17 17 17 17 17 17 17 17 17 17 17 17 17 17 17 17 21 17 17 17 30 17 17 17 17 17 17 17 17 17 27 17 17 17 17 17 17 17 17 17 17 17 17 17 17 17 17 17 17 17 17 17 17 17 17 17 17 17 17 17 17 17 17 17 17 17 17 17 17 17 17 17 17 17 17 17 17 17 17 17 17 17 17 17 17 17 17]]","[[17 17 17 17 17 17 17 17 17 17 17 17 17 17 17 17 17 17 17 17 17 17 17 17 17 17 17 17 17 17 17 17 17 17 17 17 17 17 17 17 17 17 17 17 17 17 17 17 17 17 17 17 17 17 17 17 17 17 17 17 17 17 17 17 17 17 17 17 17 17 17 17 17 17 17 17 17 17 17 17 17 17 17 17 17 17 17 17 17 17 17 17 17 17 17 17 17 17 17 17 17 17 17 17 17 17 17 17 17 17 17 17 17 17 17 17 17 17 17 17 17 17 17 17 17 17 17 17 17 17 17 17 17 17 17 17 17 17 17 17 17 17 17 17 17 17 17 17 17 17 17 17 17 17 17 17 17 17 17 17 17]]","[[18 18 18 18 18 18 18 18 18 18 18 18 18 18 18 18 18 18 18 18 18 18 18 18 18 18 18 18 18 18 18 18 18 18 18 18 18 18 18 18 18 18 18 18 18 18 18 18 18 18 18 18 18 18 18 18 18 18 18 18 18 18 18 18 18 18 18 18 18 18 18 18 18 18 18 18 18 18 18 18 18 18 18 18 18 18 18 18 18 18 18 18 18 18 18 18 18 18 18 18 18 18 18 18 18 18 18 18 18 18 18 18 18 18 18 18 18 18 18 18 18 18 18 18 18 18 18 18 18 18 18 18 18 18 18 18 18 18 18 18 18 18 18 18 18 18 18 18 18 18 18 18 18 18 18 18 18 18 18 18 18 18 18 18 18 18 18 18 18 18 18 18 18 18 18 18 18 18 18 18 18 18 18 18 18 18 18 18 18 18 18 18 18 18 18 18 18 18 18 18 18 18 18 18 18 18 18 18 18 18 18 18 18 18 18 18 18 18 18 18 18 18 18 18 18 18 18 18 18 18 18 18 18 18 18 18 18 18 18 18 18 18 18 18 18 18 18 18 18 18 18 18 18 18 18 18 18 18 18 18 18 18 18 18 18 18]]","[[17 17 17 17 17 17 17 17 17 17 17 17 17 17 17 17 17 17 17 17 17 17 17 17 17 17 17 17 17 17 17 17 17 17 17 17 17 17 17 17 17 17 17 17 17 17 17 17 17 17 17 17 17 17 17 17 17 17 17 17 17 17 17 17 17 17 17 17 17 17 17 17 17 17 17 17 17 17 17 17 17 17 17 17 17 17 17 17 17 17 17 17 17 17 17 17 17 17 17 17 17 17 17 17 17 17 17 17 17 17 17 17 17 17 17 17 17 17 17 17 17 17 17 17 17 17 17 17 17 17 17 17 17 17 17 17 17 17 17 17 17 17 17 17 17 17 17 17 17 17 17 17 17 17 17 17 17 17 17 17 17 17 17 17 17 17 17 17 17 17 17 17 17 17 17 17 17 17]]","[[17 17 17 17 17 17 17 17 17 17 17 17 17 17 17 17 17 17 17 17 17 17 17 17 17 17 17 17 17 17 17 17 17 17 17 17 17 17 17 17 17 19 17 17 17 21 17 17 17 17 17 17 17 17 17 17 17 17 17 17 17 17 17 17 17 17 17 17 17 19 17 17 17 17 17 17 17 17 17 17 17 17 17 17 17 17 17 17 17 17 17 17 17 17 17 19 17 17 17 17 17 17 17 17 21 17 17 17 17 17 17 17 17 17 17 17 17 17 17 17 17 17 17 17 17 17 17 17 17 17 17 17 17 17 17 17 17 17 17 17 17 17 17 17 17 17 17 17 17 17 17 17 17 17 17 17 17 17 17 17 17 17 17 28 17 17 17 17 17 17 17 17 17 17 17 17 17 17 17 17 17 17 17 17 17 17 17 17 17 17 17 27 17 17 17 17 17 17 17 17 17 17 17 17]]"
