"BehaviorSpace results (NetLogo 5.2.1)"
"cicadas-hybrid.nlogo"
"Experiment 2"
"12/27/2015 10:14:53:557 +0000"
"min-pxcor","max-pxcor","min-pycor","max-pycor"
"-20","20","-30","30"
"[run number]","1","2","3","4","5","6","7","8","9","10","11","12","13","14","15","16","17","18","19","20"
"higher-duration","18","18","18","18","18","18","18","18","18","18","18","18","18","18","18","18","18","18","18","18"
"ticks-a-year","60","60","60","60","60","60","60","60","60","60","60","60","60","60","60","60","60","60","60","60"
"max-cicadas-per-cycle","300","300","300","300","300","300","300","300","300","300","300","300","300","300","300","300","300","300","300","300"
"lower-duration","14","14","14","14","14","14","14","14","14","14","14","14","14","14","14","14","14","14","14","14"
"n-cicadas-per-group","75","75","75","75","75","75","75","75","75","75","75","75","75","75","75","75","75","75","75","75"
"cicadas-progeny","1","1","1","1","1","1","1","1","1","1","1","1","1","1","1","1","1","1","1","1"
"[steps]","25000","25000","25000","25000","25000","25000","25000","25000","25000","25000","25000","25000","25000","25000","25000","25000","25000","25000","25000","25000"

"[initial & final values]","list [lf-duration-ticks / ticks-a-year] of cicadas","list [lf-duration-ticks / ticks-a-year] of cicadas","list [lf-duration-ticks / ticks-a-year] of cicadas","list [lf-duration-ticks / ticks-a-year] of cicadas","list [lf-duration-ticks / ticks-a-year] of cicadas","list [lf-duration-ticks / ticks-a-year] of cicadas","list [lf-duration-ticks / ticks-a-year] of cicadas","list [lf-duration-ticks / ticks-a-year] of cicadas","list [lf-duration-ticks / ticks-a-year] of cicadas","list [lf-duration-ticks / ticks-a-year] of cicadas","list [lf-duration-ticks / ticks-a-year] of cicadas","list [lf-duration-ticks / ticks-a-year] of cicadas","list [lf-duration-ticks / ticks-a-year] of cicadas","list [lf-duration-ticks / ticks-a-year] of cicadas","list [lf-duration-ticks / ticks-a-year] of cicadas","list [lf-duration-ticks / ticks-a-year] of cicadas","list [lf-duration-ticks / ticks-a-year] of cicadas","list [lf-duration-ticks / ticks-a-year] of cicadas","list [lf-duration-ticks / ticks-a-year] of cicadas","list [lf-duration-ticks / ticks-a-year] of cicadas"
,"[[17 15 15 15 15 15 15 15 15 15 15 17 15 15 17 17 15 15 15 15 15 15 17 15 17 15 17 15 15 17 17 15 15 17 15 15 15 15 15 15 15 17 17 15 17 15 17 17 15 15 15 17 17 15 15 15 17 15 17 17 17 15 15 15 17 17 17 17 15 17 17 17 15 15 15 17 15 17 17 15 17 15 15 15 17 15 17 17 15 15 17 15 15 15 17 15 15 17 17 15 17 15 17 15 17 15 15 15 17 15 17 17 15 17 15 15 15 15 17 15 15 15 15 17 17 15 15 17 15 17 15 15 17 17 17 17 15 15 17 17 15 17 17 15 15 17 15 17 17 17 15 15 15 15 15 17 15 15 17 17 17 15 15 17 15 17 15 17 17 15 15 15 17 15 17 17 17 17 15 15 17 17 15 17 15 15 17 15 15 15 15 15 17 15 15 17 15 15 15 17 17 15 15 17 17 17 17 17 17 17 17 17 15 17 17 15 15 17 15 15 15 17 15 15 15 17 17 17 17 15 17 17 17 17 17 17 17 17 15 17 15 17 17 17 15 15 17 17 17 15 15 17 17 15 17 15 15 15 17 17 17 15 15 17 15 15 17 15 15 17 15 17 15 17 15 17 17 15 15 15 15 15 17 17 15 17 15 17 17 17 15 17 17 17 17 15 15 17 15 15 17 15 15 15 15 15 17 17 15 17 17 17 15 15 17 17 17 17 15 15 15 17 17 17 17]]","[[17 14 17 17 14 17 14 17 14 17 14 17 17 17 17 14 14 14 14 17 17 14 17 14 14 17 17 17 14 14 17 17 17 17 17 17 17 17 17 17 14 17 17 14 17 17 17 17 14 17 14 17 17 14 17 17 17 14 14 17 17 17 17 14 17 17 14 14 14 14 17 17 17 14 14 17 17 17 17 17 17 14 17 14 14 14 17 17 17 14 14 17 17 14 17 17 17 17 17 14 14 17 17 14 14 17 14 17 14 17 17 14 14 14 17 14 17 17 17 17 14 17 14 17 14 17 17 17 14 17 17 17 14 17 17 14 17 14 17 14 17 17 17 14 14 17 17 17 14 17 17 14 14 14 14 17 17 14 17 17 17 14 17 17 17 14 17 14 17 14 14 17 17 14 17 17 14 14 17 14 14 17 14 17 14 14 14 14 17 17 17 14 17 17 14 14 17 14 14 14 17 14 17 14 17 17 17 17 14 17 17 17 17 14 17 17 17 17 14 14 17 17 14 14 17 14 17 17 17 17 17 17 17 17 17 17 17 14 14 17 14 17 17 17 17 17 14 17 14 17 17 17 14 17 14 17 14 17 17 17 14 14 17 17 17 17 17 14 14 17 17 17 17 17 17 17 17 14 14 17 14 17 17 14 14 17 14 17 17 14 17 17 14 17 17 17 17 17 17 14 17 14 14 17 17 14 17 17 17 14 17 14 14 17 14 17 17 17 17 14 14 17 17 14 14 14 14 14 17 14 14 17 14 14 17 17 17 17 17 14 17 17 14 17 17 17 17 17 14 17 17 17 17 17 14 17 17 17 17 17 17 14 14 17 17 17 14 14 17 14 17 17 17 17 14 17 17 17 17 14 17 14 17 17 17 17 14 14 17 14 17 17 17 14 17 17 14 17 14 17 14 17 14 17 17 14 17 17 17 17 17 14 17 17 14 17 17 14 14 17 14]]","[[17 17 17 17 17 17 17 17 17 17 17 17 17 17 17 17 17 17 17 17 17 17 17 17 17 17 17 17 17 17 17 17 17 17 17 17 17 17 17 17 17 17 17 17 17 17 17 17 17 17 17 17 17 17 17 17 17 17 17 17 17 17 17 17 17 17 17 17 17 17 17 17 17 17 17 17 17 17 17 17 17 17 17 17 17 17 17 17 17 17 17 17 17 17 17 17 17 17 17 17 17 17 17 17 17 17 17 17 17 17 17 17 17 17 17 17 17 17 17 17 17 17 17 17 17 17 17 17 17 17 17 17 17 17 17 17 17 17 17 17 17 17 17 17 17 17 17 17 17 17 17 17 17 17 17 17 17 17 17 17 17 17 17 17 17 17 17]]","[[]]","[[16 16 16 16 16 16 16 16 16 16 16 16 16 16 16 16 16 16 16 16 16 16 16 16 16 16 16 16 16 16 16 16 16 16 16 16 16 16 16 16 16 16 16 16 16 16 16 16 16 16 16 16 16 16 16 16 16 16 16 16 16 16 16 16 16 16 16 16 16 16 16 16 16 16 16 16 16 16 16 16 16 16 16 16 16 16 16 16 16 16 16 16 16 16 16 16 16 16 16 16 16 16 16 16 16 16 16 16 16 16 16 16 16 16 16 16 16 16 16 16 16 16 16 16 16 16 16 16 16 16 16 16 16 16 16 16 16 16 16 16 16 16 16 16 16 16 16 16 16 16 16 16 16 16 16 16 16 16 16 16 16 16 16 16 16 16 16 16 16 16 16 16 16 16 16 16 16 16 16 16 16 16 16 16 16 16 16 16 16 16 16 16 16 16 16 16 16 16 16 16 16 16 16 16 16 16 16 16]]","[[16 16 17 16 17 17 16 17 17 16 17 16 16 17 16 16 16 16 16 16 16 17 16 16 16 17 16 17 16 16 17 16 17 17 17 16 17 16 16 16 16 16 17 16 16 17 17 17 16 16 16 17 17 16 17 16 16 16 17 17 16 17 16 17 17 17 16 17 16 17 16 17 16 17 16 17 16 17 16 17 16 16 16 17 16 17 17 17 16 17 16 17 16 17 17 17 16 17 16 16 17 16 17 16 17 17 17 16 17 17 16 16 16 17 16 16 16 17 16 17 16 16 17 17 16 16 17 16 16 16 17 16 17 17 17 16 16 17 17 16 16 17 17 16 17 16 17 17 16 16 17 16 16 16 17 17 16 17 16 16 16 16 16 16 16 16 17 16 16 16 17 16 17 16 16 16 17 17 17 16 16 16 16 17 17 16 17 17 17 16 17 17 16 17 16 16 16 16 16 17 16 17 16 16 16 16 16 17 17 17 17 16 17 16 16 16 16 17 17 17 16 16 17 16 16 17 17 17 16 16 17 16 16 17 17 17 17 17 17 16 16 16 16 17 17 16 17 16 16 16 16 16 17 17 17 16 16 16 17 17 16 16 16 17 17 16 16 16 17 17 16 17 16 16 16 17 16 16 16 16 16 16 17 17 16 16 16 16 16 16 16 16 16 16 17 16 17 16 16 17 17 16 17 16 16 17 16 16 16 16 17 16 17 17 17 16 16 17 16 16 16 17 17 16 16 17 17 17 16 17 17 16 16 16 16 17 17 17]]","[[]]","[[17 17 17 17 17 17 17 17 17 17 17 17 17 17 17 17 17 17 17 17 17 17 17 17 17 17 17 17 17 17 17 17 17 17 17 17 17 17 17 17 17 17 17 17 17 17 17 17 17 17 17 17 17 17 17 17 17 17 17 17 17 17 17 17 17 17 17 17 17 17 17 17 17 17 17 17 17 17 17 17 17 17 17 17 17 17 17 17 17 17 17 17 17 17 17 17 17 17 17 17 17 17 17 17 17 17 17 17 17 17 17 17 17 17 17 17 17 17 17 17 17 17 17 17 17 17 17 17 17 17 17 17 17 17 17 17 17 17 17 17 17 17 17 17 17 17 17 17 17 17 17 17 17 17 17 17 17 17 17 17 17 17 17 17 17 17 17 17 17 17 17 17 17 17 17 17 17 17 17 17 17 17 17 17 17 17 17 17 17 17 17 17 17 17 17 17 17 17 17 17 17 17 17 17 17 17 17 17 17 17 17 17 17 17 17 17 17 17 17 17 17 17 17 17 17 17 17 17 17 17 17 17 17 17 17 17 17 17 17 17 17 17 17]]","[[16 16 16 16 16 16 16 16 16 16 16 16 16 16 16 16 16 16 16 16 16 16 16 17 16 16 16 16 16 16 16 16 16 16 16 16 16 16 16 16 16 16 16 16 16 16 16 16 16 16 16 16 16 16 16 16 16 16 16 16 16 16 16 16 16 16 16 16 16 16 16 16 16 16 16 16 16 16 16 16 16 16 16 16 16 16 16 16 16 16 16 16 16 16 16 16 16 16 16 16 16 16 16 16 16 16 22 16 16 16 16 16 16 16 16 16 16 16 16 16 16 16 16 16 16 16 16 16 16 16 16 16 16 16 16 16 16 21 16 16 16 16 16 16 16 16 16 16 16 16 16 16 16 16 16 19 16 16 16 16 16 16 16 16 16 16 16 16 16 19 16 16 17 16 16 16 16 16 16 16 16 16 16 16 16 16 16 16 16 16 16 16 16 16 16 16 16 16 16 16 16 16 16 16 16 16 16 16 16 16 16 16 16 16 16]]","[[17 17 16 17 17 16 16 17 17 17 17 17 17 17 17 17 16 16 17 17 16 17 17 16 17 16 17 17 17 17 17 17 16 17 17 17 16 17 17 16 16 17 17 16 17 17 16 17 16 16 17 16 16 17 17 17 17 17 16 17 17 17 17 17 17 16 17 17 16 17 17 17 17 17 17 17 16 17 16 17 17 16 16 17 17 16 16 17 16 17 17 16 17 16 17 16 16 17 16 16 17 17 17 17 16 16 16 17 16 17 17 16 16 16 17 17 16 17 17 17 16 17 17 17 16 17 17 17 16 16 16 17 17 17 17 16 17 17 17 17 17 17 17 16 17 16 16 16 17 17 16 16 17 16 17 16 16 17 17 17 16 16 17 17 16 17 17 16 17 17 16 17 16 17 16 16 17 16 16 17 16 17 16 17 17 17 17 16 17 16 17 16 16 17 17 17 17 17 16 17 17 16 17 16 17 17 17 16 16 17 16 16 16 17 17 17 17 17 17 17 16 16 17 16 16 17 16 16 16 17 17 17 17 17 17 17 17 17 17 16 16 17 17 16 16 16 16 17 17 16 16 16 17 16 17 17 17 17 17 16 17 16 17 17 17 17 16 16 16 17 16 17 17 16 16 17 17 17 17 16 17 16 17 16 16 16 17 17 17 17 16 16 17 16 16 17 17 16 17 17 17 17 16 16 17 17 17 17 16 17 17 16 17 17 16 16 16 16 17 17 17 16 16 16 16 17 16 17 17 16 17 16 16 17 16 17 17 17 16 16 17 16 16 17 16 17 17 16 17 17 16 17 16 16 17 17 16 16 16 16 17 16 17 17 16 16 16 17 16 17 17 17 17 16 16 17 16 17 16 17 17 16 17 17 17 17 17 17 16 16 16 17 17 16 16 17 16 17 17 17 16 16 16 17 17 17 17 16 17 17 17 16 16 17 17 16 16 16 17 17 17 17 16 17 17 17 16 17]]","[[17 17 17 17 17 17 17 17 17 17 17 17 17 17 17 17 17 17 17 17 17 17 17 17 17 17 17 17 17 17 17 17 17 17 17 17 17 17 17 17 17 17 17 17 17 17 17 17 17 17 17 17 17 17 17 17 17 17 17 17 17 17 17 17 17 17 17 17 17 17 17 17 17 17 17 17 17 17 17 17 17 17 17 17 17 17 17 17 17 17 17 17 17 17 17 17 17 17 17 17 17 17 17 17 17 17 17 17 17 17 17 17 17 17 17 17 17 17 17 17 17 17 17 17 17 17 17 17 17 17 17 17 17 17 17 17 17 17 17 17 17 17 17 17 17 17 17 17 17 17 17 17 17 17 17 17 17 17 17 17 17 17 17 17 17 17 17 17 17 17 17 17 17 17 17 17 17 17 17 17 17]]","[[16 16 16 16 16 16 16 16 16 16 16 16 16 16 16 16 16 16 16 16 16 16 16 16 16 16 16 16 16 16 16 16 16 16 16 16 16 16 16 16 16 16 16 16 16 16 16 16 16 16 16 16 16 16 16 16 16 16 16 16 16 16 16 16 16 16 16 16 16 16 16 16 16 16 16 16 16 16 16 16 16 16 16 16 16 16 16 16 16 16 16 16 16 16 16 16 16 16 16 16 16 16 16 16 16 16 16 16 16 16 16 16 16 16 16 16 16 16 16 16 16 16 16 16 16 16 16 16 16 16 16 16 16 16 16 16 16 16 16 16 16 16 16 16 16 16 16 16 16 16 16 16 16 16 16 16 16 16 16 16 16 16 16 16 16 16 16 16 16 16 16 16 16 16 16 16 16 16 16 16 16 16 16 16 16 16 16 16 16 16 16 16 16 16 16 16 16 16 16 16 16 16 16 16 16]]","[[17 17 17 17 17 17 17 17 17 17 17 17 17 19 17 17 17 17 17 17 17 17 17 17 17 17 17 17 17 17 17 17 17 17 17 17 17 17 17 17 17 17 17 17 17 17 17 17 17 17 17 17 17 17 17 17 17 17 19 17 17 17 17 17 17 17 17 17 17 17 17 17 17 17 17 17 17 17 17 17 19 17 17 17 17 17 17 19 17 17 17 17 22 17 17 17 17 17 17 17 17 17 17 17 19 17 17 17 17 17 17 17 17 17 17 17 17 17 17 17 17 17 17 17 17 17 17 17 17 17 17 17 17 17 17 17 17 17 17 17 17 17 19 17 17 17 17 17 17 17 17 17 17 17 17 17 19 17 17 19 17 17 17 17 17 17 17 17 17 17 17 17 17 17 17 17 17 17 17 17 17 17 17 17 17 17 17 17 17 17 17 17 17 17 17 17 17 17 17 17 17 17 17 17 17 17 17 17 17 17 17 17 17 17 17 17 17 17 17 17 17 17 17 17 17 17 17 17 17 17 17 17 17 17 17 17 17 19 17 17 17 17 17 17 17 17 17 17 17 17 17 17 17 17 17 17 17 19 17 17 17 17 17 17 17 17 17 17 17 17 17 17 17 17 17 17 17 17 17 17 17 17 17 17 17 17 17 17 17 17 19 17 17 19 17 17 19 17 17 17 17 17 17 17 17 17 17 17 19 17]]","[[16 16 16 17 16 16 17 16 17 16 16 16 16 16 16 17 17 17 16 17 17 16 16 16 17 16 16 16 16 16 16 16 16 17 16 16 17 17 16 17 17 17 16 16 17 17 16 16 16 16 17 16 17 17 16 17 17 16 16 16 16 16 16 16 16 17 16 16 16 17 17 16 16 16 16 17 16 16 16 16 17 16 16 17 16 17 16 16 16 16 17 17 16 16 17 16 17 16 16 17 17 17 17 16 16 16 17 16 16 16 16 16 17 16 16 17 16 16 17 16 16 16 17 16 16 16 17 16 16 17 17 16 28 17 16 17 17 17 16 16 17 17 16 16 16 17 16 17 16 17 16 16 16 16 16 16 16 16 16 16 16 16 16 16 16 17 17 17 17 16 16 17 16 17 16 17 16 17 16 16 17 17 16 29 16 16 16 16 16 16 16 17 16 16 16 16 16 17 17 16 16 17 17 16 16 17 16 16 17 17 16 17 16 17 17 16 16 17 16 16 17 16 17 17 16 17 16 16 16 16 17 16 17 16 16 16 16 16 17 16 17 16 16 17 16 17 16 17 17 17 16 17 17 17 16 16 16 17 16 17 17 17 17 17 16 17 17 17 17 16 16 16 16 16 17 16 16 16 17 17 16 16 16 16 17 16 16 17 16 17 16 16 16 17 16 17 16 17 16 17 16 17 16 17 16 16 16 16 16 17 16 16 17 16 16 17 17 16 16 16 17 16 16 16 17 16 16 17 17 17 16 16 16 17 16 16 17 16 16 16 16 17 16 17 17 17 17 17 16 17 16 16 16 16 16 16 17 17 16 16 16 16 17 16 17 17 17 16 16 16 16 17 17 16 16 17 16 16 16 16 16 16 16 16 16 16 17 16 16 16 17 17 17 16 17 17 16 16 16 16 17 16 16 16 17 16 17 16 16 17 17 17 16 16 16 17 17 16 17 17 16 16 16 17 16 17 16 17 17 16 16 16 27 17 16 17 16 16 16 17 17 17 16 16 16 16]]","[[18 18 18 18 18 18 18 18 18 18 18 18 18 18 18 18 18 18 18 18 18 18 18 18 18 18 18 18 27 18 18 18 18 18 18 18 15 18 18 18 18 18 18 18 18 18 18 18 18 18 18 18 18 18 18 18 18 18 18 18 18 18 18 18 18 18 17 18 18 18 18 18 18 18 18 18 18 18 18 18 18 18 18 19 18 18 18 18 18 21 18 18 18 18 18 18 18 18 18 18 18 18 18 18 18 18 18 18 18 18 18 18 18 18 18 18 18 18 18 18 17 18 18 18 26 18 18 18 18 18 18 18 18 18 18 18 22 18 18 18 18 18 18 18 18 18 18 18 18 18 18 18 18 18 18 18 18 18 18 18 18 18 18 18 18 18 18 18 18 18 18 18 18 18 18 18 18 18 18 18 18 18 18 18 18 18 18 18 18 18 18 18]]","[[16 16 16 16 16 16 16 16 16 16 16 16 16 16 16 16 16 16 16 16 16 16 16 16 16 16 16 16 16 16 16 16 16 16 16 16 16 16 16 16 16 16 16 16 16 16 16 16 16 16 16 16 16 16 16 16 16 16 16 16 16 16 16 16 16 16 16 16 16 16 16 16 16 16 16 16 16 16 16 16 16 16 16 16 16 16 16 16 16 16 16 16 16 16 16 16 16 16 16 16 16 16 16 16 16 16 16 16 16 16 16 16 16 16 16 16 16 16 16 16 16 16 16 16 16 16 16 16 16 16 16 16 16 16 16 16 16 16 16 16 16 16 16 16 16 16 16 16 16 16 16 16 16 16 16 16 16 16 16 16 16 16 16 16 16 16 16 16 16 16 16 16 16 16 16 16 16 16 16 16 16 16 16 16 16 16 16 16 16 16 16 16 16 16 16 16 16 16 16 16 16 16 16 16 16 16 16 16 16 16 16 16 16 16 16 16 16 16 16 16 16 16 16 16 16 16 16 16]]","[[17 17 17 18 17 17 18 18 17 18 18 17 17 17 17 18 17 17 18 17 17 17 18 17 18 18 17 17 17 18 18 17 18 17 17 18 17 18 18 18 17 17 18 18 17 18 18 17 17 18 18 18 18 17 18 17 18 17 18 17 18 17 18 18 18 18 17 18 18 17 17 18 17 17 18 18 17 17 18 17 17 18 18 17 17 17 18 17 17 18 17 17 17 18 18 17 17 18 17 18 18 17 18 17 17 18 17 17 18 17 18 17 17 17 17 17 18 17 17 18 17 17 18 17 17 17 18 18 18 18 17 18 18 18 18 18 17 18 17 17 18 17 17 18 17 18 18 17 17 17 17 18 18 18 18 18 17 17 17 17 17 17 18 17 18 17 18 18 18 17 18 18 18 17 18 17 17 18 17 18 17 18 17 18 17 17 17 18 18 18 17 18 17 18 17 17 18 18 17 18 18 18 17 17 17 18 17 18 18 18 17 18 17 18 17 18 17 18 18 18 17 17 18 17 18 18 17 17 18 17 17 17 17 17 18 17 18 18 17 18 17 18 17 17 17 17 18 18 18 17 17 18 17 18 17 17 17 17 18 18 17 18 17 18 18 18 18 18 17 18 17 18 17 17 18 18 18 17 18 17 18 17 17 17 17 17 17 18 18 18 18 18 18 18 17 18 18 17 17 18 18 18 18 18 18 17 17 17 17 17 18 18 17 18 18 17 17 17 18 17 17 18 18 18 18 17 17 17 18 18 17 18 17 18 17 17 18 18 18 18 17 17 17 17 18 17 18 18 18 17 17 18 17 18 18 17 17 18 17 17 18 17 18 18 17 17 18 17 17 17 18 18 17 17 18 18 18 18 18 18 17 17 17 18 17 18 18 17]]","[[17 17 17 17 17 17 17 17 17 17 17 17 17 17 17 17 17 17 17 17 17 17 17 17 17 17 17 17 17 17 17 17 17 17 17 17 17 17 17 17 17 17 17 17 17 17 17 17 17 17 17 17 17 17 17 17 17 17 17 17 17 17 17 17 17 17 17 17 17 17 17 17 17 17 17 17 17 17 17 17 17 17 17 17 17 17 17 17 17 17 17 17 17 17 17 17 17 17 17 17 17 17 17 17 17 17 17 17 17 17 17 17 17 17 17 17 17 17 17 17 17 17 17 17 17 17 17 17 17 17 17 17 17 17 17 17 17 17 17 17 17 17 17 17 17 17 17 17 17 17 17 17 17 17 17 17 17 17 17 17 17 17 17 17 17 17 17 17 17 17 17 17 17 17 17 17 17 17 17 17 17 17 17 17 17]]","[[17 15 17 22 16 17 15 21 25 19 15 16 11 19 16 19 24 16 14 28 15 17 26 24 15 17 19 22 15 17 18 29 16 12 20 25 16 18 17 13 19 15 15 15 15 15 16 16 17 20 16 22 15 19 15 15 19 15 15 23 25 16 17 21 14 15 17 14 16 12 17 17 23 17 16 12 15 15 17 17 25 17 33 15 19 15 17 11 28 20 31 19 22 16 16 17 13 23 16 19 16 26 19 25 30 16 15 17 17 19 15 16 23 22 17 13 16 19 15 23 9 16 14 28 19 14 19 22 11 15 13 15 15 19 19 19 17 22 27 15 17 16 23 17 15 15 17 18 17 15 17 15 19 22 15 21 16 17 20 15 15 17 15 18 12 23 16 19 15 19 17 15 14 25 15 17 15 28 17 12 18 16 17 15 15 20 17 19 17 21 17 17 15 15 16 15 29 21 19 27 15 19 16 17 16 16 17 15 17 14 16 28 17 15 16 15 16 18 28 15 20 20 22 15 15 19 19 22 15 15 16 16 19 15 20 17 15 15 19 19 16 16 15 16 25 19 15 17 11 15 15 13 11 26 19 12 19 18 16 15 16 15 19 15 15 22 19 11 15 19 18 19 16 16 17 14 17 16 19 17 13 8 28 15 21 28 16 19 16 17 14 22 14 16 15 15 17 15 25 17 23 17 29 16 19 19 15 16 15 17 17 16 16 14 20 17 22 21 15 16 16 16 16 17 22 13 19 16 19 16 15 15 16 15 22 16 19 25 22 25 20 19 25 22 16 15 16 15 15 19 14 15 30 19 12 17 17 29 15 17 15 10 16 15 19 21 19 16 18 11 17 16 15 17 17 15 16 16 22 15 15 15 15 17 16 15 16 19 16 19 17 15 16 15 15 19 17 30 17 16 24 21 17 16 19 15 15 19 22 25 15 15 16 15 19 15 15 15 14 18 19 27 17 21 22 23 28 15 19 16 17 17 16 16 25 15 15 23 15 16 19 25 18 15 19 16 16 17 19 15 19 13 16 22 14 15 17 18 16 16 19 18 16 15 16 21 23 15 15 15 17 22 15 20 16 17 23 19 15 14 14 15 17 19 16 16 16 26 20 19 15 19 15 19 16 28 20 15 16 20 16 16 30 23 11 24 16 15 16 23 15 25 17 16 19 13 22 17 15 16 20 15 15 15 14 15 15 17 17 24 26 16 25 19 27 19 15 15 23 28 17 12 19 17 15 23 19 22 16 20 12 15 21 14 16 16 14 22 16 23 20 15 15 17 17 15 20 15 14 25 23 17 16 15 15 17 13 19 15 16 15 15 24 30 16 15 16 22 26 16 21 15 15 16 19 17 15 23 17 22 15 16 17 15 15 14 15 18 15 25 14 15 17 18 16 15 15 15 17 21 17 16 16 16 16 17 16 27 21 15 16 15 19 10 20 23 17 14 20 19 16 15 20 15 16 23 17 16 15 19 16 16 23 20 16 15 16 15 15 13 16 17 17 16 16 15 15 17 19 31 15 12 16 16 15 17 11 15 19 28 15 17 24 14 26 16 17 15 17 21 16 15 17 23 26 15 16 16 15 12 28 16 12 17 15 14 15 16 16 15 17 22 19 14 22 16 16 15 19 23 25 17 17 28 13 17 16 22 15 22 21 20 15 25 14 15 16 19 15 19 25 15 23 19 13 21 15 14 19 16 17 15 20 16 26 14 27 15 16 15 13 17 8 17 8 16 16 16 21 19 17 17 16 19 16 16 16 19 16 11 12 15 35 10 16 17 14 19 23 16 15 19 15 17 15 24 16 19 12 28 17 22 15 15 16 16 19 16 16 15 11 25 20 17 17 28 15 17 15 11 17 12 14 22 16 17 16 15 27 16 24 23 22 23 19 17 14 19 19 27 15 16 16 17 15 14 15 17 19 17 13 19 19 30 16 17 16 16 16 17 21 16 15 15 16 17 30 12 13 25 15 15 22 14 15 15 15 23 15 15 23 20 28 16 22 17 14 16 19 23 19 12 17 16 15 15 17 21 17 15 14 16 17 22 24 15 15 11 23 19 17 15 15 16 25 19 19 28 23 20 17 21 16 17 25 14 19 16 29 14 16 25 22 19 15 15 17 21 15 16 23 17 17 18 12 18 15 19 11 19 27 23 31 17 21 16 15 14 23 16 26 15 22 22 15 14 14 19 23 17 15 15 17 16 23 17 11 15 31 15 16 19 15 17 21 17 15 22 22 19 16 18 18 23 21 36 28 16 11 19 15 16 19 15 26 17 22 17 19 21 16 15 23 26 4 16 23 19 16 17 27 15 15 15 25 15 16 20 15 25 12 18 17 19 17 16 16 22 11 20 17 15 16 15 19 14 15 17 22]]","[[17 17 17 17 17 17 17 17 17 17 17 17 17 17 17 17 17 17 17 17 17 17 17 17 17 17 17 17 17 17 17 17 17 17 17 17 17 17 17 17 17 17 17 17 17 17 17 17 17 17 17 17 17 17 17 17 17 17 17 17 17 17 17 17 17 17 17 17 17 17 17 17 17 17 17 17 17 17 17 17 17 17 17 17 17 17 17 17 17 17 17 17 17 17 17 17 17 17 17 17 17 17 17 17 17 17 17 17 17 17 17 17 17 17 17 17 17 17 17 17 17 17 17 17 17 17 17 17 17 17 17 17 17 17 17 17 17 17 17 17 17 17 17 17 17 17 17 17 17 17 17 17 17 17 17 17 17 17 17 17 17 17 17 17 17 17 17 17]]"
